4294967278,299
4294967278,233
4294967278,306
4294967278,367
4294967278,2
4294967278,305
4294967279,558
4294967279,218
4294967279,214
4294967279,321
4294967279,336
4294967278,191
4294967279,190
2242,5
2242,4
2242,3
2242,2
2242,1
4294967278,163
4294967279,163
2240,7
2240,6
2240,5
2240,4
2240,3
2240,2
2240,1
4294967278,256
4294967294,1421
4294967294,1016
4294967279,145
4294967279,143
4294967278,304
4294967278,303
4294967278,302
4294967278,134
4294967279,271
4294967279,270
4294967279,277
4294967278,301
4294967279,527
4294967279,275
2236,5
2236,4
2236,3
2236,2
2236,1
4294967278,278
4294967294,395
4294967294,111
2234,6
4294967278,253
4294967278,250
2234,5
2234,4
2234,3
2234,2
2234,1
4294967279,326
2232,6
2232,5
2232,4
2232,3
2232,2
2232,1
4294967294,388
2231,5
2231,4
2231,3
2231,2
2231,1
4294967279,525
2230,5
2230,4
2230,3
2230,2
2230,1
4294967279,524
4294967279,351
2229,5
2229,4
2229,3
2229,2
2229,1
4294967278,193
4294967294,511
4294967279,523
4294967294,120
4294967294,1
4294967294,1001
4294967294,186
4294967294,1175
2227,4
2227,3
2227,2
2227,1
0,7
4294967279,522
4294967294,0
4294967279,338
4294967279,544
4294967294,89
4294967294,190
4294967294,1092
4294967294,1000
4294967294,29
4294967294,420
4294967294,386
4294967278,174
4294967294,107
4294967294,91
4294967294,90
4294967294,87
4294967294,86
4294967294,85
4294967294,84
4294967294,1174
4294967294,1017
4294967294,1173
4294967294,419
4294967294,28
4294967294,53
4294967294,389
4294967294,390
4294967294,114
4294967294,2
4294967294,1418
4294967294,45
4294967294,427
4294967294,44
4294967294,40
4294967294,38
4294967294,37
4294967294,96
4294967294,94
4294967294,9
4294967294,8
4294967278,217
4294967279,520
4294967279,329
4294967278,271
4294967278,255
4294967278,449
4294967278,251
4294967278,511
4294967278,463
4294967278,27
4294967278,26
4294967278,25
4294967278,24
4294967278,23
4294967278,22
4294967278,21
4294967278,259
4294967278,19
4294967278,16
4294967278,14
4294967278,13
4294967278,11
4294967278,10
4294967278,9
4294967278,8
4294967278,7
4294967278,5
4294967279,132
4294967279,131
4294967279,128
4294967279,126
4294967279,125
4294967279,124
4294967279,123
4294967279,122
4294967279,121
4294967279,120
4294967279,119
4294967279,174
4294967279,242
4294967279,117
4294967279,113
4294967279,517
4294967279,519
4294967279,334
4294967278,373
4294967278,295
2226,5
2226,4
2226,3
2226,2
2226,1
4294967279,255
4294967278,383
4294967279,372
2224,7
2224,6
2224,5
2224,4
2224,3
2224,2
2224,1
4294967278,293
4294967279,235
4294967279,229
4294967279,227
4294967278,224
4294967278,501
4294967278,204
2220,5
2220,4
2220,3
2220,2
2220,1
4294967278,197
4294967278,196
4294967279,193
2218,6
2218,5
2218,4
4294967279,184
2218,3
2218,2
2218,1
4294967279,180
2216,6
4294967294,385
4294967294,167
4294967279,516
4294967279,244
2216,5
2216,4
2216,3
2216,2
2216,1
4294967294,510
4294967278,229
4294967278,292
2215,5
2215,4
2215,3
2215,2
2215,1
4294967279,252
4294967278,156
2214,5
2214,4
2214,3
2214,2
2214,1
2213,5
2213,4
2213,3
2213,2
2213,1
4294967294,509
4294967278,143
2211,4
2211,3
2211,2
2211,1
4294967278,372
4294967279,515
4294967278,336
4294967278,335
4294967278,327
4294967278,328
4294967278,494
4294967278,504
4294967278,20
4294967278,18
4294967278,17
4294967278,15
4294967278,12
4294967278,227
4294967279,130
4294967279,129
4294967279,127
4294967279,118
4294967279,116
4294967279,115
4294967279,114
4294967279,319
4294967278,6
4294967278,4
4294967279,220
4294967279,250
4294967278,248
4294967279,241
2210,5
2210,4
2210,3
2210,2
2210,1
4294967279,233
4294967278,228
4294967294,183
4294967294,415
4294967294,398
4294967278,352
4294967279,513
4294967279,2
4294967279,210
2208,7
2208,6
2208,5
2208,4
4294967279,211
2208,3
2208,2
2208,1
4294967278,289
4294967278,207
4294967279,206
4294967278,201
4294967279,196
4294967278,369
4294967278,288
4294967279,294
2204,5
2204,4
2204,2
2204,1
2202,6
4294967279,226
4294967279,160
4294967279,159
2202,5
2202,4
2202,3
2202,2
2202,1
4294967279,154
4294967278,153
4294967279,151
4294967279,150
2200,6
2200,5
2200,4
2200,3
2200,2
2200,1
4294967278,490
4294967279,142
4294967278,309
4294967279,141
2199,5
2199,4
2199,3
2199,2
2199,1
4294967279,266
4294967278,215
4294967278,287
2198,5
2198,4
2198,3
2198,2
2198,1
4294967278,274
4294967279,362
4294967278,270
4294967294,1004
4294967294,185
2197,5
2197,4
2197,3
2197,2
2197,1
4294967279,258
4294967278,261
4294967294,413
4294967294,403
4294967294,384
4294967294,406
4294967294,405
4294967279,541
4294967279,318
2195,4
4294967278,324
2195,3
2195,2
2195,1
4294967279,328
4294967278,478
4294967294,11
4294967294,68
4294967278,132
4294967278,131
4294967278,130
4294967278,125
4294967278,123
4294967278,121
4294967278,332
4294967278,120
4294967278,119
4294967278,118
4294967278,112
4294967278,111
4294967278,110
4294967278,448
4294967278,109
4294967278,108
4294967278,107
4294967278,106
4294967278,104
4294967278,101
4294967278,99
4294967278,98
4294967278,97
4294967278,96
4294967278,95
4294967278,94
4294967278,93
4294967278,475
4294967278,477
4294967278,480
4294967279,234
4294967279,276
4294967279,224
4294967279,553
4294967278,115
4294967278,113
4294967278,203
4294967279,198
4294967279,197
4294967278,180
4294967278,150
4294967278,149
4294967278,148
4294967279,133
4294967279,314
4294967278,281
4294967278,265
4294967278,279
4294967279,254
4294967278,356
4294967278,355
2194,5
2194,4
2194,3
2194,2
2194,1
4294967278,322
4294967279,306
4294967279,243
2192,7
2192,6
2192,5
2192,4
4294967278,236
2192,3
2192,2
2192,1
4294967278,220
4294967279,217
4294967278,214
4294967294,1009
4294967294,182
4294967278,210
4294967279,207
4294967278,313
4294967278,195
2188,5
2188,4
2188,2
2188,1
4294967279,188
4294967279,186
4294967279,556
4294967294,437
2186,6
4294967278,378
2186,5
4294967279,173
2186,4
2186,3
2186,2
2186,1
4294967278,507
4294967278,168
4294967294,116
2184,6
4294967294,508
4294967278,492
2184,5
2184,4
2184,3
2184,2
2184,1
2183,5
4294967278,154
2183,4
2183,3
2183,2
2183,1
2182,5
2182,4
2182,3
2182,2
2182,1
2181,5
2181,4
4294967279,136
2181,3
2181,2
2181,1
4294967278,136
4294967278,135
4294967294,507
4294967278,273
2179,4
2179,3
2179,2
2179,1
4294967294,468
4294967279,357
4294967294,469
4294967278,377
4294967294,46
4294967278,326
4294967294,424
4294967279,543
4294967278,129
4294967278,128
4294967278,127
4294967278,124
4294967278,382
4294967278,122
4294967278,117
4294967278,116
4294967278,114
4294967278,105
4294967278,103
4294967278,102
4294967278,87
4294967278,85
4294967278,83
4294967278,82
4294967278,81
4294967278,80
4294967278,79
4294967278,78
4294967278,77
4294967278,76
4294967278,75
4294967278,73
4294967278,72
4294967278,71
4294967278,69
4294967278,68
4294967278,67
4294967278,66
4294967278,65
4294967278,64
4294967278,63
4294967278,62
4294967278,61
4294967278,60
4294967278,59
4294967278,57
4294967278,56
4294967278,55
4294967278,54
4294967278,53
4294967278,52
4294967278,51
4294967278,50
4294967278,49
4294967278,48
4294967278,47
4294967278,46
4294967278,45
4294967278,44
4294967278,43
4294967278,42
4294967278,41
4294967278,40
4294967278,39
4294967278,38
4294967278,37
4294967278,36
4294967278,35
4294967278,34
4294967278,33
4294967278,32
4294967278,31
4294967278,30
4294967278,29
4294967278,28
4294967278,266
4294967278,379
4294967279,293
4294967279,573
4294967279,537
4294967279,54
4294967279,53
4294967279,52
4294967279,51
4294967279,50
4294967279,49
4294967279,48
4294967279,47
4294967279,46
4294967279,45
4294967279,44
4294967279,43
4294967279,41
4294967279,40
4294967279,39
4294967279,38
4294967279,37
4294967279,36
4294967279,35
4294967279,34
4294967279,33
4294967279,32
4294967279,31
4294967279,30
4294967279,29
4294967279,28
4294967279,27
4294967279,26
4294967279,25
4294967279,24
4294967279,23
4294967279,22
4294967279,21
4294967279,20
4294967279,19
4294967279,18
4294967279,17
4294967279,16
4294967279,15
4294967279,14
4294967279,13
4294967279,12
4294967279,11
4294967279,10
4294967279,9
4294967279,8
4294967279,7
4294967279,6
4294967279,5
4294967279,4
4294967278,126
4294967278,242
4294967279,225
4294967278,222
4294967279,312
4294967294,191
4294967294,411
4294967279,199
2178,5
2178,4
2178,3
2178,2
2178,1
4294967278,187
4294967278,186
4294967279,185
4294967278,181
2176,7
2176,6
2176,5
4294967279,183
2176,4
2176,3
2176,2
2176,1
4294967279,179
4294967278,177
4294967279,521
4294967278,176
4294967278,172
4294967279,302
4294967278,164
4294967279,161
4294967294,1089
4294967294,162
2172,5
2172,4
2172,2
2172,1
4294967279,568
4294967279,301
2170,6
4294967279,298
4294967279,135
4294967279,134
2170,5
2170,4
2170,3
2170,2
2170,1
4294967278,269
2168,6
4294967279,257
2168,5
2168,4
2168,3
2168,2
2168,1
2167,5
2167,4
2167,3
2167,2
2167,1
2166,5
2166,4
4294967278,244
2166,3
2166,2
2166,1
4294967294,1171
4294967294,178
4294967294,1172
4294967294,453
4294967294,119
4294967279,237
4294967278,487
2165,5
2165,4
2165,3
2165,2
2165,1
4294967294,1090
4294967294,1091
4294967294,170
4294967279,223
4294967279,221
4294967279,219
4294967278,218
4294967278,216
4294967279,213
4294967278,212
2163,4
4294967279,212
2163,3
2163,2
2163,1
4294967278,211
4294967294,1419
4294967279,295
4294967278,481
4294967294,50
4294967294,36
4294967294,39
4294967279,347
4294967278,100
4294967278,508
4294967278,92
4294967278,91
4294967278,90
4294967278,89
4294967278,86
4294967278,84
4294967278,74
4294967278,70
4294967278,58
4294967278,486
4294967278,358
4294967279,333
4294967279,564
4294967279,308
4294967279,361
4294967279,542
4294967279,0
4294967279,561
4294967294,1420
4294967294,5
4294967278,221
4294967279,187
2162,5
2162,4
2162,3
2162,2
2162,1
4294967279,149
4294967278,509
4294967279,144
4294967278,140
2160,8
4294967279,139
2160,7
2160,6
4294967279,138
2160,5
4294967278,138
2160,4
2160,3
2160,2
2160,1
4294967279,289
4294967279,288
4294967278,466
4294967278,315
4294967278,264
4294967279,256
4294967279,253
4294967294,454
4294967278,345
4294967278,354
2155,5
2155,4
2155,2
2155,1
4294967294,1014
4294967294,401
4294967279,287
2153,6
4294967279,379
4294967279,203
2153,5
2153,4
2153,3
2153,2
2153,1
4294967278,200
4294967278,341
2151,6
4294967278,194
2151,5
2151,4
2151,3
2151,2
2151,1
2150,5
2150,4
2150,3
2150,2
2150,1
2149,5
2149,4
2149,3
2149,2
2149,1
4294967278,175
2148,5
2148,4
2148,3
2148,2
2148,1
4294967294,396
4294967294,110
4294967294,397
4294967294,456
4294967294,416
4294967294,404
4294967278,162
4294967294,1095
4294967294,17
4294967294,99
4294967294,76
2146,4
2146,3
2146,2
2146,1
4294967294,470
4294967278,316
4294967294,27
4294967294,1018
4294967294,26
4294967294,52
4294967294,41
4294967294,1417
4294967294,43
4294967294,417
4294967294,51
4294967294,25
4294967294,42
4294967294,67
4294967294,22
4294967294,93
4294967294,95
4294967294,1101
4294967294,92
4294967294,88
4294967279,549
79,2
4294967294,81
4294967294,1098
4294967294,82
4294967294,1415
4294967294,83
4294967293,131
4294967293,130
4294967293,129
4294967293,128
4294967293,127
4294967293,126
4294967293,125
4294967293,124
4294967293,123
4294967293,122
4294967293,121
4294967293,120
4294967293,119
4294967293,118
4294967293,117
4294967293,116
4294967293,115
4294967293,114
4294967293,113
4294967293,112
4294967293,111
4294967293,110
4294967293,109
4294967293,108
4294967293,107
4294967293,106
4294967293,105
4294967293,104
4294967293,103
4294967293,102
4294967293,101
4294967293,100
4294967293,99
4294967293,98
4294967293,97
4294967293,96
4294967293,95
4294967293,94
4294967293,93
4294967293,92
4294967293,91
4294967293,90
4294967293,89
4294967293,87
4294967293,86
4294967293,85
4294967293,84
4294967293,83
4294967293,82
4294967293,81
4294967293,80
4294967293,79
4294967293,78
4294967293,77
4294967293,76
4294967293,75
4294967293,74
4294967293,73
4294967293,72
4294967293,71
4294967293,70
4294967293,69
4294967293,68
4294967293,67
4294967293,66
4294967293,65
4294967293,64
4294967293,63
4294967293,62
4294967293,61
4294967293,60
4294967293,59
4294967293,58
4294967293,57
4294967293,56
4294967293,55
4294967293,54
4294967293,53
4294967293,52
4294967293,51
4294967293,50
4294967293,49
4294967293,48
4294967293,47
4294967293,46
4294967293,45
4294967293,44
4294967293,43
4294967293,42
4294967293,41
4294967293,40
4294967293,39
4294967293,38
4294967293,37
4294967293,36
4294967293,35
4294967293,34
4294967293,33
4294967293,32
4294967293,31
4294967293,30
4294967293,29
4294967293,28
4294967293,27
4294967293,26
4294967293,25
4294967293,24
4294967293,23
4294967293,22
4294967293,21
4294967293,20
4294967293,19
4294967293,18
4294967293,17
4294967293,16
4294967293,15
4294967293,14
4294967293,13
4294967293,12
4294967293,11
4294967293,10
4294967293,9
4294967293,8
4294967293,7
4294967293,6
4294967293,5
4294967293,4
4294967293,3
4294967278,349
4294967278,469
4294967278,260
4294967278,0
4294967278,348
4294967279,111
4294967279,110
4294967279,108
4294967279,107
4294967279,106
4294967279,535
4294967279,105
4294967279,103
4294967279,102
4294967279,101
4294967279,100
4294967279,99
4294967279,98
4294967279,97
4294967279,96
4294967279,94
4294967279,92
4294967279,91
4294967279,89
4294967279,87
4294967279,85
4294967279,83
4294967279,82
4294967279,81
4294967279,80
4294967279,78
4294967279,76
4294967279,75
4294967279,74
4294967279,73
4294967279,72
4294967279,68
4294967279,66
4294967279,63
4294967279,61
4294967279,60
4294967279,59
4294967279,58
4294967279,42
4294967279,260
4294967279,560
4294967294,7
4294967294,6
4294967278,286
4294967279,282
4294967279,279
4294967279,264
4294967279,261
4294967278,257
4294967279,512
4294967278,240
4294967278,230
2145,5
2145,4
4294967278,232
2145,3
2145,2
2145,1
4294967278,226
4294967279,291
4294967278,505
2143,8
2143,7
2143,6
2143,5
2143,4
2143,3
2143,2
2143,1
4294967279,332
4294967278,199
4294967278,198
4294967278,283
4294967278,190
4294967279,182
4294967279,331
4294967279,176
4294967279,172
4294967279,171
4294967278,166
4294967279,165
2138,5
2138,4
2138,2
2138,1
4294967278,503
4294967278,346
2136,6
4294967278,502
4294967278,88
4294967294,161
2136,5
2136,4
2136,3
2136,2
2136,1
4294967278,139
4294967294,466
4294967294,465
4294967294,450
4294967294,449
4294967294,461
2134,6
2134,5
4294967278,276
2134,4
2134,3
2134,2
2134,1
4294967279,283
2133,5
2133,4
2133,3
2133,2
2133,1
4294967279,278
4294967278,262
2132,5
2132,4
2132,3
2132,2
2132,1
4294967279,320
2131,5
2131,4
4294967278,321
2131,3
2131,2
2131,1
4294967278,342
4294967278,499
2129,4
2129,3
2129,2
2129,1
4294967279,236
4294967279,365
4294967278,498
4294967279,545
4294967278,467
4294967279,86
4294967279,71
4294967279,70
4294967279,69
4294967279,67
4294967279,62
4294967279,57
4294967279,56
4294967279,55
0,5
4294967278,347
4294967278,497
4294967279,204
4294967279,189
4294967279,274
4294967279,273
2128,5
2128,4
2128,3
2128,2
2128,1
4294967279,268
4294967279,158
2126,8
2126,7
2126,6
2126,5
2126,4
2126,3
2126,2
2126,1
4294967278,491
4294967294,1011
4294967294,1007
4294967279,267
4294967279,281
4294967294,113
4294967278,489
4294967278,334
4294967279,381
4294967279,539
2121,5
4294967278,254
2121,4
2121,2
2121,1
4294967279,248
4294967279,247
4294967278,246
4294967279,245
4294967279,380
4294967278,238
2119,6
4294967278,318
2119,5
2119,4
2119,3
2119,2
2119,1
4294967279,215
4294967278,213
2117,6
2117,5
2117,4
2117,3
2117,2
2117,1
4294967279,378
4294967278,205
2116,5
2116,4
2116,3
2116,2
2116,1
4294967294,506
4294967279,376
4294967278,189
2115,5
2115,4
2115,3
2115,2
2115,1
2114,5
2114,4
2114,3
2114,2
2114,1
4294967294,505
4294967279,178
2112,4
2112,3
2112,2
2112,1
4294967294,1093
4294967294,1088
4294967294,173
4294967278,343
4294967294,400
4294967278,376
4294967279,324
4294967278,495
4294967278,344
4294967278,450
4294967278,375
4294967279,370
4294967279,531
4294967279,327
4294967279,526
4294967279,534
4294967279,373
4294967279,152
4294967278,141
4294967279,368
4294967278,258
2111,5
2111,4
2111,3
2111,2
2111,1
4294967278,484
4294967279,371
2109,8
2109,7
2109,6
2109,5
2109,4
2109,3
2109,2
2109,1
4294967278,263
4294967278,482
4294967279,349
4294967278,323
4294967278,208
4294967279,205
4294967278,206
4294967279,195
4294967279,192
4294967279,369
4294967279,367
4294967278,183
2104,5
2104,4
2104,2
2104,1
2102,6
4294967294,118
4294967294,189
4294967294,180
4294967279,359
4294967278,165
2102,5
2102,4
2102,3
2102,2
2102,1
4294967278,300
4294967279,346
2100,6
4294967279,363
2100,5
2100,4
2100,3
2100,2
2100,1
2099,5
4294967278,145
2099,4
2099,3
2099,2
2099,1
4294967294,504
2098,5
2098,4
2098,3
2098,2
2098,1
4294967279,222
4294967278,485
4294967279,299
4294967278,290
2097,5
2097,4
2097,3
2097,2
2097,1
4294967294,503
4294967279,262
4294967278,268
2095,4
2095,3
2095,2
2095,1
4294967278,479
86,8
86,7
86,6
4294967279,216
81,2
4294967279,296
75,5
4294967278,325
4294967278,249
4294967278,243
4294967279,259
86,5
79,6
88,4
88,5
81,4
81,5
79,4
86,4
75,4
4294967279,364
4294967278,209
4294967279,202
4294967279,201
4294967278,188
4294967278,184
2094,5
2094,4
2094,3
2094,2
2094,1
4294967279,181
4294967294,1005
4294967294,112
4294967294,175
4294967294,464
4294967294,408
4294967278,173
4294967279,166
2092,8
2092,7
2092,6
2092,5
2092,4
4294967279,167
2092,3
2092,2
2092,1
4294967279,311
4294967279,352
4294967278,158
4294967279,157
4294967279,155
4294967279,309
4294967278,155
4294967278,151
4294967279,147
4294967278,144
4294967278,285
4294967278,277
4294967278,267
2087,5
2087,4
2087,2
2087,1
4294967278,476
2085,6
4294967278,297
4294967279,249
2085,5
2085,4
2085,3
2085,2
2085,1
4294967294,1414
4294967294,163
2083,6
2083,5
2083,4
2083,3
2083,2
2083,1
2082,5
2082,4
2082,3
2082,2
2082,1
4294967294,502
2081,5
2081,4
2081,3
2081,2
2081,1
4294967278,202
4294967279,200
4294967294,387
2080,5
2080,4
2080,3
2080,2
2080,1
4294967278,371
4294967294,501
4294967279,191
4294967294,1416
4294967294,399
4294967294,407
4294967294,179
4294967294,460
4294967294,412
4294967294,448
4294967294,462
2078,4
2078,3
2078,2
2078,1
4294967278,185
4294967278,474
4294967278,473
4294967278,312
4294967278,338
4294967278,353
4294967278,280
4294967278,317
4294967278,368
4294967278,351
4294967279,112
4294967279,109
4294967279,88
4294967279,337
4294967279,156
4294967279,104
4294967279,313
4294967279,95
4294967279,93
4294967279,90
4294967279,84
4294967279,79
4294967279,77
4294967279,65
4294967279,310
4294967279,307
4294967279,358
4294967279,300
4294967279,153
4294967279,148
4294967279,272
2077,5
2077,4
2077,3
2077,2
2077,1
4294967279,356
4294967278,493
2075,8
2075,7
2075,6
2075,5
2075,4
2075,3
2075,2
2075,1
4294967294,1015
4294967279,297
4294967278,294
4294967279,355
4294967278,237
4294967278,314
4294967279,208
4294967294,409
4294967279,305
2070,5
2070,4
2070,2
2070,1
4294967279,303
4294967278,366
2068,6
4294967278,275
4294967278,178
2068,5
2068,4
4294967278,179
2068,3
2068,2
2068,1
2066,6
2066,5
4294967278,167
2066,4
2066,3
2066,2
2066,1
2065,5
4294967278,160
2065,4
4294967278,159
2065,3
2065,2
2065,1
4294967294,500
4294967278,296
4294967278,363
4294967278,460
4294967278,360
4294967278,459
4294967278,152
4294967279,377
4294967279,514
4294967279,64
4294967279,230
2064,5
2064,4
2064,3
2064,2
2064,1
4294967278,298
4294967278,472
2063,5
2063,4
2063,3
2063,2
2063,1
4294967294,499
4294967279,304
4294967278,471
4294967278,284
2061,4
2061,3
2061,2
2061,1
4294967294,184
4294967294,458
4294967294,459
4294967294,164
4294967279,354
4294967279,383
4294967278,470
4294967279,323
4294967278,465
4294967279,353
4294967278,464
4294967279,239
4294967279,350
4294967278,462
4294967279,348
2060,5
2060,4
2060,3
2060,2
2060,1
4294967278,461
4294967279,292
2058,8
2058,7
2058,6
2058,5
2058,4
2058,3
2058,2
2058,1
4294967278,182
4294967279,562
4294967278,488
4294967279,137
4294967278,339
4294967279,285
4294967278,219
4294967279,345
4294967278,147
2053,5
4294967279,146
2053,4
4294967278,146
2053,2
2053,1
4294967278,142
4294967278,458
4294967279,566
2051,6
4294967279,344
4294967279,343
2051,5
2051,4
2051,3
2051,2
2051,1
4294967279,263
4294967278,291
2049,6
4294967294,414
4294967294,160
4294967294,391
4294967294,457
4294967294,467
2049,5
2049,4
2049,3
2049,2
2049,1
2048,5
2048,4
2048,3
2048,2
2048,1
2047,5
2047,4
2047,3
2047,2
2047,1
2046,5
2046,4
2046,3
2046,2
2046,1
4294967279,339
2044,4
2044,3
2044,2
2044,1
4294967278,362
4294967278,451
4294967279,290
4294967279,341
4294967278,282
4294967279,374
4294967294,392
4294967294,115
4294967279,360
4294967278,500
4294967279,533
4294967279,572
4294967279,194
4294967278,171
4294967279,170
2043,5
2043,4
2043,3
2043,2
2043,1
4294967278,457
4294967279,342
4294967279,140
2041,8
2041,7
2041,6
2041,5
2041,4
2041,3
2041,2
2041,1
4294967278,133
4294967278,364
4294967294,421
4294967294,1002
4294967294,1094
4294967294,1012
4294967279,316
4294967279,540
4294967279,315
4294967278,319
4294967278,455
4294967279,231
2036,5
2036,4
2036,2
2036,1
2034,6
4294967278,454
2034,5
2034,4
2034,3
2034,2
2034,1
2032,6
2032,5
4294967294,997
4294967278,192
2032,4
2032,3
2032,2
2032,1
2031,5
2031,4
2031,3
2031,2
2031,1
4294967294,168
4294967294,109
4294967294,169
2030,5
4294967279,177
2030,4
2030,3
2030,2
2030,1
4294967278,170
2029,5
4294967278,169
4294967279,169
2029,4
4294967279,168
2029,3
2029,2
2029,1
4294967279,164
4294967279,518
4294967279,162
4294967278,161
4294967278,337
4294967278,157
2027,4
2027,3
2027,2
2027,1
4294967279,552
4294967278,456
4294967294,393
4294967278,496
4294967279,559
4294967278,272
4294967278,483
4294967279,284
4294967279,286
4294967279,280
4294967278,453
4294967278,452
4294967279,557
4294967279,265
2026,5
